$ANSIBLE_VAULT;1.1;AES256
66613835383238666538393934623262376566643534386332656136366461643264373430656233
6132316466386435353038363430363138313535393432330a633635343963613636366665616166
66346137343861626362613736363665353630303839336435343466363666653733326139373763
3736653161613236620a303333316339383835373664366263363562626638613734663432383733
33343266643064626437306237613233393961303363366238306661663335376233343063356430
33663336363937646136313030366531386135363536373632386635343131396366343065636639
34656438343165366537333935653639363330363562663262663735383566386539393132343132
33303365323134343562373766363933396463353861303739326263623564666137366239626263
61343665376331323636376363616637303563373966386666393335656236336263326564643264
39313335653065353338343233363133323863646232626664356239366430366636626238353032
34616332366364316130363437313431396266383531356236666435376137633133323731396233
64396162346532663835346661373738633763653663613630636336633065336363396237616164
36616465653062306533356565373861313861366635363563303765373432376466393235643564
62656332336436616233373661313932383639393932313231646336326637623037313136373634
30623964623363323662636438643266316537376266353139373030353335623835663130613337
61303565386162643430383264666339396565366430623434393831383933396438336363386436
37366264333239353438306162653765346563363633333038653863383233313139366662653633
64616161336363376339363766316363386536663638323565373037316132323337356163666633
63636534623831376135613531643263333838643633323039373861343962343662383362656639
39343231306532353430356265613935386562323637643039633433633065626133376239646638
34636662386239636539373164346131373031343439366339303564663536306633373030396264
37613531363035623262393830656362613333663666626634643466353962656332393738393632
31323734336434616561356339643862633165333864323639373265333436396530313130656133
36303663373362623037613736666333333464343964333237373732376461363432353138346537
31373266393830626534633635666165636561663764393738373934313239393334613365393135
32323661626430373035623932336233386230363430373966393662653164303765346231633336
35313732306239613330646537613666343733383761353630373439363539306430346438383063
64346434323333303266613533386565323661343937626562396363363561363337353635626661
35303666623231366135646338336662613132646263323331613363373762653432633066643839
63616363646536386361383466303762633566623663333233313261613531333533323430316337
61376466663635383137626363306665356533613832646232636661383739353233613637666332
36386430376333646231326362373234343839653634373666383762383234643661653362373735
35353662626336366661663965356534336635326332323463333662666537663065396234613536
32616339356561393232396335303363363531663739306233336361363132393532643535643938
34303439326363653361323631313237356334666164633965373565366166623739613831323661
66616436613732333064326133663332393235393137356338366530613231373331613133366132
66653064666563353465656432366466663739623832343266366335383762626135353330393463
66373064383438366462393631333837376565613930653362666561646337363764323938326334
62356362333034656232633834393062356432373837643064633632303335623764393732656137
39633462386537653366353964363661333233616234343165663665323336376162653963363665
39643938393830653565333336373263363031353164306531393130653332313532396162636161
65633566663961353130323838396162363563373261646236613339323064636262656663663933
34623236323235643935356131303738376164623736303039666531343662366233643266356264
66346239376662333861653530663539336537346265656138653433383831333637346137363861
38366436383233656663316138326432636664663836333432323033303763306633326536333936
39613365323736333732636435626538356666393937393430636133396534656164393966653162
32626665656230646566333762623262346362616639306465646630633438656162616666396135
66346134346537346434
