$ANSIBLE_VAULT;1.1;AES256
38363762373834333934613932613065336530396564353763333866316265613630386235363865
3731373633383534633338656365343337656333323238330a396531326365393933336536626637
36636366303165386633366565616366356561316236653735646161346462663635376633303534
3835333134633463350a346365656535346537336661653031353239616138373730373333616166
64656163316234356166303932326535353637313762663565393438643731633864353565633164
61616232616137333331613834663466343734303339366532373939326238636633323237383464
65633738373766333733376166396330653664633538626366653831313963643530653531333339
39616466303731366233386539333564316636336534653637646661326230643362663131396231
65636533373866313133323838343665653766323363313233376331616537386137316665323966
31316437313261643263326338383036323338626630653539313131383732326634316661386438
38666438316563323338646533306466636562646438346265383637313566613439613635376661
30646232356233363162393538653536373166353937613763626165613239313934323536636532
62613332643335373930613834623963376661393561306366333631336430306334613333306339
33356230646661386636663438623833336632336161613965643834656134386134383463663363
37643937656564356431346536333665336661383133306465613931303736396136663662393264
66663136643335356439393330303735613766666535363131323765343131373634316462326265
30313738666533626566313061356432343333303133356637663831636163323431363535656539
63383632323038323161663930316435363235363031393732333437643861623863356665636435
62383430343961656331663366303630393135356461356562636161643931653365613730396430
66323736373361623231666333336430313437353930346133653861386434356531323164316237
39363231633466323230633339326666653565643433393862643066393765323064616134333230
36383363653937393135326235343265636462323763623932616436633839663831616636643739
63373635336664386463633437653337613165373736343238653465316232643661303530363837
37303036353636303439393636316430313839633230626664666137393835313038616365643165
31303663383162343338656535623163636131393365633038653431326263633563376534393762
38323061316438363037643731633064303864353431386432663735653963303530366165326563
65353032343666303639623863643936643633613034323134386461626534653137656465633237
35346164366430646232636130346630666334623461313361393566323966343762636634303939
35333366626661316163323063613231373834313766613465333439353361633537393031343830
35643233626561383963373739343134626139363263303032353538383239616333316335656337
37626362393163346535616265333465626564616438376333633339356361306534323631623030
66383563333336303236
